1777557486520 0.6736500689734081 1
1777557500403 0.6730931785053125 2
1777557513486 0.6731124200580828 3
1777557528164 0.6727847099763841 4
1777557543547 0.672910147890479 5
1777557557588 0.672748339733155 6
1777557571411 0.6728284542023608 7
1777557585883 0.6726122899346407 8
1777557601857 0.6728310858102904 9
1777557615179 0.6730131002936836 10
1777557629201 0.6727325055814973 11
1777557643035 0.6727137602248898 12
1777557656631 0.6726036122878627 13
1777557670416 0.6726619718458193 14
1777557684857 0.6724867530219488 15
1777557717774 0.672181478431366 16
1777557748835 0.6723664542476345 17
1777557773132 0.6725257461669629 18
1777557795811 0.6722892385865858 19
1777557808986 0.6723453367505384 20
1777557821840 0.6721875631071105 21
1777557834124 0.6723927866982667 22
1777557847449 0.6718356013162846 23
1777557860835 0.6711903057771087 24
1777557872950 0.6715894098534934 25
1777557886420 0.671424233175292 26
1777557899166 0.671639013328258 27
1777557913030 0.6709742837818498 28
1777557926905 0.670136001746004 29
1777557940814 0.6703099139992897 30
1777557955107 0.6704334309242241 31
1777557969952 0.670128444853108 32
1777557984165 0.6692567642082782 33
1777558001426 0.6688575626879654 34
1777558014573 0.6687997494135403 35
1777558027421 0.6678926832255768 36
1777558038832 0.6674691649839488 37
1777558049402 0.6668707048792936 38
1777558059968 0.6667200329082573 39
1777558070832 0.6665490000500488 40
1777558081565 0.6658651995994143 41
1777558092265 0.6655487787104377 42
1777558103126 0.664402722257907 43
1777558113802 0.6642382591726235 44
1777558124758 0.6635120927571007 45
1777558135533 0.6638731948505807 46
1777558146426 0.6625985734233999 47
1777558167118 0.662415502589964 48
1777558179301 0.6612065452030387 49
1777558191260 0.6613471038380997 50
